actual_pose = [82.85756375486525, 474.3651580810547, 826.1526489257813]
lidar_readings = [[0, 2190.834624117347], [30, 1221.066548362846], [60, 595.0653990465506], [90, 478.072332072847], [120, 514.80013385377], [150, 785.683264451102], [180, 832.6094761036322], [210, 896.5745148394741], [240, 1368.34383582121], [270, 2545.37176040521], [300, 570.4397061501372], [330, 870.5998717317254]]
