actual_pose = [86.69230427134366, 501.6133880615234, 1382.063207626343]

lidar_readings = [[0, 1620.631292721539], [70, 546.1743321198045], [110, 523.6892249522887], [180, 1384.365966264638], [250, 542.6599109248698], [290, 520.3194867505902]]
