actual_pose = [86.69230427134366, 501.6133880615234, 1382.063207626343]

lidar_readings = [[0, 1620.631292721539], [90, 502.4494098215453], [180, 1384.365966264638], [270, 499.2163416390736]]
